4.000000000000000000e+00
7.000000000000000000e+00
8.000000000000000000e+00
1.000000000000000000e+01
1.200000000000000000e+01
1.400000000000000000e+01
1.600000000000000000e+01
2.000000000000000000e+01
3.300000000000000000e+01
3.400000000000000000e+01
3.600000000000000000e+01
3.700000000000000000e+01
4.100000000000000000e+01
4.400000000000000000e+01
4.700000000000000000e+01
4.800000000000000000e+01
5.000000000000000000e+01
5.100000000000000000e+01
5.600000000000000000e+01
6.400000000000000000e+01
7.600000000000000000e+01
7.800000000000000000e+01
8.800000000000000000e+01
9.000000000000000000e+01
9.400000000000000000e+01
9.700000000000000000e+01
9.900000000000000000e+01
1.000000000000000000e+02
1.020000000000000000e+02
1.030000000000000000e+02
1.180000000000000000e+02
1.200000000000000000e+02
1.220000000000000000e+02
1.410000000000000000e+02
1.450000000000000000e+02
1.470000000000000000e+02
1.500000000000000000e+02
1.850000000000000000e+02
