0.000000000000000000e+00
1.000000000000000000e+00
2.000000000000000000e+00
3.000000000000000000e+00
5.000000000000000000e+00
7.000000000000000000e+00
1.500000000000000000e+01
1.600000000000000000e+01
1.800000000000000000e+01
2.300000000000000000e+01
2.900000000000000000e+01
3.500000000000000000e+01
4.100000000000000000e+01
4.600000000000000000e+01
5.100000000000000000e+01
5.500000000000000000e+01
6.200000000000000000e+01
6.300000000000000000e+01
6.800000000000000000e+01
7.300000000000000000e+01
7.400000000000000000e+01
7.600000000000000000e+01
7.800000000000000000e+01
9.100000000000000000e+01
9.300000000000000000e+01
9.500000000000000000e+01
9.600000000000000000e+01
1.010000000000000000e+02
1.060000000000000000e+02
1.120000000000000000e+02
1.220000000000000000e+02
1.260000000000000000e+02
1.280000000000000000e+02
1.320000000000000000e+02
1.370000000000000000e+02
1.420000000000000000e+02
1.440000000000000000e+02
1.500000000000000000e+02
1.650000000000000000e+02
1.660000000000000000e+02
1.690000000000000000e+02
1.700000000000000000e+02
1.730000000000000000e+02
1.750000000000000000e+02
1.770000000000000000e+02
1.790000000000000000e+02
1.810000000000000000e+02
1.910000000000000000e+02
1.920000000000000000e+02
1.960000000000000000e+02
1.970000000000000000e+02
2.100000000000000000e+02
2.210000000000000000e+02
2.290000000000000000e+02
2.410000000000000000e+02
2.490000000000000000e+02
2.500000000000000000e+02
